Matrix A (After Jacobi Rotation):
   1.7645e+01  -2.8475e-25   6.0873e-24  -3.7255e-13  -4.3546e-19   1.4927e-18  -2.4804e-24  -5.0098e-11  -4.1425e-12   2.5617e-14
  -2.8475e-25   5.3843e+01  -6.4903e-19   1.7748e-19  -6.8819e-30  -3.8728e-17  -2.6373e-20   1.4675e-21           0.   3.3085e-13
   6.0873e-24  -6.4903e-19   1.1483e+02  -4.0981e-11  -4.4418e-26   1.7529e-13   2.1033e-14  -2.3833e-20   4.4614e-32  -3.0632e-12
  -3.7255e-13   1.7748e-19  -4.0981e-11   2.0045e+02  -1.2506e-20   9.8950e-22   9.7589e-12  -4.8668e-18   3.1650e-23           0.
  -4.3546e-19  -6.8819e-30  -4.4418e-26  -1.2506e-20   3.1062e+02  -5.7868e-12  -1.0619e-32  -1.0824e-15  -1.0012e-16  -5.3627e-23
   1.4927e-18  -3.8728e-17   1.7529e-13   9.8950e-22  -5.7868e-12   4.4532e+02  -1.2291e-23  -1.1700e-28   1.0283e-12  -3.0736e-20
  -2.4804e-24  -2.6373e-20   2.1033e-14   9.7589e-12  -1.0619e-32  -1.2291e-23   6.0454e+02  -4.0494e-15   5.5655e-11  -6.9908e-17
  -5.0098e-11   1.4675e-21  -2.3833e-20  -4.8668e-18  -1.0824e-15  -1.1700e-28  -4.0494e-15   7.8826e+02  -2.0326e-22  -1.4039e-30
  -4.1425e-12           0.   4.4614e-32   3.1650e-23  -1.0012e-16   1.0283e-12   5.5655e-11  -2.0326e-22   9.9649e+02  -2.9183e-16
   2.5617e-14   3.3085e-13  -3.0632e-12           0.  -5.3627e-23  -3.0736e-20  -6.9908e-17  -1.4039e-30  -2.9183e-16   1.2292e+03

Eigenvalues from Armadillo:
   1.7645e+01
   5.3843e+01
   1.1483e+02
   2.0045e+02
   3.1062e+02
   4.4532e+02
   6.0454e+02
   7.8826e+02
   9.9649e+02
   1.2292e+03

Dot Product of One Eigenvectors (Before Jacobian Trans):311.341
Dot Product of Two Eigenvectors (Before Jacobian Trans):0.00000
Dot Product of One Eigenvectors (After Jacobian Trans):315.425
Dot Product of Two Eigenvectors (After Jacobian Trans):0.00000
