Matrix A (After Jacobi Rotation):
   2.8368e+00   4.5620e-16  -1.7088e-09  -6.1557e-09           0.  -5.7588e-15  -6.1595e-16  -1.2109e-19  -6.0950e-11  -1.2641e-11
   4.5620e-16   6.1211e+00   1.4966e-15   2.8857e-12   9.1923e-10   1.7003e-12  -6.8197e-15   2.4088e-17           0.  -3.9766e-10
  -1.7088e-09   1.4966e-15   8.9246e+00           0.  -3.5936e-12  -2.9273e-09   1.0826e-09   1.0095e-16  -3.6787e-23  -3.5214e-10
  -6.1557e-09   2.8857e-12           0.   1.2197e+01   5.1564e-17   1.1076e-09  -8.9691e-10  -1.0145e-15  -8.7380e-16   2.4176e-09
           0.   9.1923e-10  -3.5936e-12   5.1564e-17   1.6505e+01   5.4682e-15   2.9219e-24  -1.1343e-12   7.6169e-14   5.9969e-20
  -5.7588e-15   1.7003e-12  -2.9273e-09   1.1076e-09   5.4682e-15   2.1841e+01   6.0337e-22  -5.0550e-20  -2.6623e-11   6.6325e-14
  -6.1595e-16  -6.8197e-15   1.0826e-09  -8.9691e-10   2.9219e-24   6.0337e-22   2.8179e+01   2.4397e-13   3.6422e-11  -6.2596e-16
  -1.2109e-19   2.4088e-17   1.0095e-16  -1.0145e-15  -1.1343e-12  -5.0550e-20   2.4397e-13   3.5509e+01   8.1047e-27  -2.4868e-09
  -6.0950e-11           0.  -3.6787e-23  -8.7380e-16   7.6169e-14  -2.6623e-11   3.6422e-11   8.1047e-27   4.3834e+01   9.0880e-17
  -1.2641e-11  -3.9766e-10  -3.5214e-10   2.4176e-09   5.9969e-20   6.6325e-14  -6.2596e-16  -2.4868e-09   9.0880e-17   5.3519e+01

Eigenvalues from Armadillo:
    2.8368
    6.1211
    8.9246
   12.1970
   16.5050
   21.8410
   28.1790
   35.5085
   43.8339
   53.5193

Dot Product of One Eigenvectors (Before Jacobian Trans):8.04748
Dot Product of Two Eigenvectors (Before Jacobian Trans):4.08658E-15
Dot Product of One Eigenvectors (After Jacobian Trans):20.8998
Dot Product of Two Eigenvectors (After Jacobian Trans):0.00000
