Matrix A (After Jacobi Rotation):
   7.2029e+00  -1.5460e-07   9.8723e-04   3.0024e-06   7.7378e-05   5.4663e-04  -1.6820e-04  -2.9466e-06  -9.2651e-06  -2.7034e-04
  -1.5460e-07   3.9714e+00  -8.6978e-05           0.   9.7254e-05  -5.3215e-05  -1.3193e-07   1.0350e-03  -4.1555e-06   5.0115e-05
   9.8723e-04  -8.6978e-05   8.3956e+00   1.5518e-06   1.0312e-03   8.7393e-05   1.0493e-05   1.3959e-07  -3.2041e-07   6.7047e-04
   3.0024e-06           0.   1.5518e-06   1.8335e+00   4.6372e-06  -4.0987e-05   1.9839e-04  -4.8849e-07   7.2742e-05   3.2905e-05
   7.7378e-05   9.7254e-05   1.0312e-03   4.6372e-06   5.1370e+00   1.9354e-06  -1.2902e-06  -6.9598e-07   1.3825e-04   1.1018e-03
   5.4663e-04  -5.3215e-05   8.7393e-05  -4.0987e-05   1.9354e-06   4.4513e-01  -2.0196e-05  -3.2620e-05  -3.1686e-06  -1.5143e-09
  -1.6820e-04  -1.3193e-07   1.0493e-05   1.9839e-04  -1.2902e-06  -2.0196e-05   7.9279e+00           0.   3.6221e-08   3.6634e-06
  -2.9466e-06   1.0350e-03   1.3959e-07  -4.8849e-07  -6.9598e-07  -3.2620e-05           0.   1.0203e+00  -9.4008e-05  -3.1213e-04
  -9.2651e-06  -4.1555e-06  -3.2041e-07   7.2742e-05   1.3825e-04  -3.1686e-06   3.6221e-08  -9.4008e-05   6.2447e+00           0.
  -2.7034e-04   5.0115e-05   6.7047e-04   3.2905e-05   1.1018e-03  -1.5143e-09   3.6634e-06  -3.1213e-04           0.   2.8411e+00

Eigenvalues from Armadillo:
   0.4451
   1.0203
   1.8335
   2.8411
   3.9714
   5.1370
   6.2447
   7.2029
   7.9279
   8.3956

Dot Product of One Eigenvectors (Before Jacobian Trans):51.8816
Dot Product of Two Eigenvectors (Before Jacobian Trans):7.52527E-09
Dot Product of One Eigenvectors (After Jacobian Trans):30.3629
Dot Product of Two Eigenvectors (After Jacobian Trans):0.00000
