Matrix A (After Jacobi Rotation):
   3.8802e+00   3.2806e-13   9.1311e-24   4.9391e-10   4.5494e-09  -1.7601e-14  -4.1620e-18           0.   1.1845e-11   5.5976e-13
   3.2806e-13   9.5532e+00   4.6724e-11   1.5623e-16  -1.9333e-10   7.5651e-18   1.2188e-10  -2.1310e-15  -1.0715e-08   1.1053e-25
   9.1311e-24   4.6724e-11   7.0169e+00  -8.3621e-12  -1.9367e-16  -3.6537e-14   1.4293e-12  -3.5137e-15  -2.4824e-09   2.8986e-12
   4.9391e-10   1.5623e-16  -8.3621e-12   1.2589e+01   1.2227e-16   8.7513e-10  -1.1469e-23  -1.5883e-13   3.5184e-19           0.
   4.5494e-09  -1.9333e-10  -1.9367e-16   1.2227e-16   1.6800e+01   4.5715e-24   1.2580e-13   3.3575e-12  -2.9037e-13   1.4988e-19
  -1.7601e-14   7.5651e-18  -3.6537e-14   8.7513e-10   4.5715e-24   2.2083e+01  -7.1038e-18  -2.5944e-08  -4.7734e-12   3.3046e-15
  -4.1620e-18   1.2188e-10   1.4293e-12  -1.1469e-23   1.2580e-13  -7.1038e-18   2.8385e+01   8.2755e-11   4.3351e-11   1.6210e-14
           0.  -2.1310e-15  -3.5137e-15  -1.5883e-13   3.3575e-12  -2.5944e-08   8.2755e-11   3.5688e+01  -1.9118e-08   1.0375e-09
   1.1845e-11  -1.0715e-08  -2.4824e-09   3.5184e-19  -2.9037e-13  -4.7734e-12   4.3351e-11  -1.9118e-08   4.3993e+01   1.8447e-16
   5.5976e-13   1.1053e-25   2.8986e-12           0.   1.4988e-19   3.3046e-15   1.6210e-14   1.0375e-09   1.8447e-16   5.3663e+01

Eigenvalues from Armadillo:
    3.8802
    7.0169
    9.5532
   12.5891
   16.8000
   22.0826
   28.3847
   35.6879
   43.9931
   53.6629

Dot Product of One Eigenvectors (Before Jacobian Trans):15.0560
Dot Product of Two Eigenvectors (Before Jacobian Trans):4.40689E-12
Dot Product of One Eigenvectors (After Jacobian Trans):36.0024
Dot Product of Two Eigenvectors (After Jacobian Trans):0.00000
