Matrix A (After Jacobi Rotation):
   32.4529    0.4099    0.8010    0.5682    0.1462    0.1070   -0.3897   -0.0238    0.3531        0.   -0.6263    0.0084   -0.2823   -0.5236    0.0390    0.4308   -0.0289   -0.0896    0.2351   -0.4504
    0.4099   15.4532    0.0130   -0.6852        0.    0.5773   -0.5736   -0.3742   -0.0131    0.8570   -0.3767    0.5083   -0.1504    0.0586    0.1610    0.4904    0.1765    0.5924    0.5639   -0.0889
    0.8010    0.0130   23.3317   -0.2451    0.6823    0.4376   -0.7378    0.4668   -0.3756   -0.2008    0.0126   -0.0002    0.1811   -0.2104   -0.5483   -0.1595    0.2390   -0.2607   -0.4137        0.
    0.5682   -0.6852   -0.2451    5.0205    0.6798   -0.1701    0.6629   -0.4429    0.2123   -0.1440   -0.5357        0.    0.3582   -0.3407    0.4173   -0.0350    0.5049   -0.4065    0.0101   -0.3583
    0.1462        0.    0.6823    0.6798   30.6251    0.0292    0.7495    0.1557    0.6424    0.0701    0.5295   -0.4502    0.0093    0.1579   -0.0521    0.7654   -0.3868   -0.4251    0.2082   -0.1399
    0.1070    0.5773    0.4376   -0.1701    0.0292    6.7192   -0.1898    0.1681    0.3811   -0.0791   -0.3276    0.1653   -0.0373   -0.6056    0.0014   -0.5489    0.2820    0.2162   -0.0808    0.0527
   -0.3897   -0.5736   -0.7378    0.6629    0.7495   -0.1898   24.7945   -0.3853   -0.3283   -0.1552   -0.2603   -0.4340   -0.3952    0.1569        0.    0.2690    0.2861   -0.1537   -0.0563    0.1815
   -0.0238   -0.3742    0.4668   -0.4429    0.1557    0.1681   -0.3853    1.5917   -0.0891   -0.2977    0.2355   -0.4594   -0.8501    0.3983    0.1595   -0.3971   -0.0642    0.3322    0.4482    0.3051
    0.3531   -0.0131   -0.3756    0.2123    0.6424    0.3811   -0.3283   -0.0891   31.8352    0.1213   -0.1817    0.4040    0.1468    0.2942   -0.1566    0.4291    0.6277   -0.1900   -0.4499    0.0162
        0.    0.8570   -0.2008   -0.1440    0.0701   -0.0791   -0.1552   -0.2977    0.1213   11.4261    0.1482    0.2795    0.4240    0.7789   -0.2785   -0.0209   -0.2991    0.3262    0.6662    0.0213
   -0.6263   -0.3767    0.0126   -0.5357    0.5295   -0.3276   -0.2603    0.2355   -0.1817    0.1482   20.4443    0.2256   -0.1319    0.4217   -0.4487    0.7012   -0.2693   -0.2914    0.0391    0.3371
    0.0084    0.5083   -0.0002        0.   -0.4502    0.1653   -0.4340   -0.4594    0.4040    0.2795    0.2256    3.1827    0.2106    0.0158   -0.1877   -0.5967    0.3487    0.3960    0.0104    0.4325
   -0.2823   -0.1504    0.1811    0.3582    0.0093   -0.0373   -0.3952   -0.8501    0.1468    0.4240   -0.1319    0.2106   28.4742   -0.0939    0.0413   -0.2015    0.5125    0.1360   -0.8130    0.0327
   -0.5236    0.0586   -0.2104   -0.3407    0.1579   -0.6056    0.1569    0.3983    0.2942    0.7789    0.4217    0.0158   -0.0939   12.9489    0.4089   -0.1505    0.5836    0.0807   -0.3487   -0.5921
    0.0390    0.1610   -0.5483    0.4173   -0.0521    0.0014        0.    0.1595   -0.1566   -0.2785   -0.4487   -0.1877    0.0413    0.4089   18.2258    0.0754    0.1278   -0.3808   -0.3327    0.2374
    0.4308    0.4904   -0.1595   -0.0350    0.7654   -0.5489    0.2690   -0.3971    0.4291   -0.0209    0.7012   -0.5967   -0.2015   -0.1505    0.0754    1.0848    0.4181   -0.5706    0.3496   -0.4264
   -0.0289    0.1765    0.2390    0.5049   -0.3868    0.2820    0.2861   -0.0642    0.6277   -0.2991   -0.2693    0.3487    0.5125    0.5836    0.1278    0.4181   31.4147    0.5036   -0.3522   -0.3594
   -0.0896    0.5924   -0.2607   -0.4065   -0.4251    0.2162   -0.1537    0.3322   -0.1900    0.3262   -0.2914    0.3960    0.1360    0.0807   -0.3808   -0.5706    0.5036    1.8563    0.6085    0.8452
    0.2351    0.5639   -0.4137    0.0101    0.2082   -0.0808   -0.0563    0.4482   -0.4499    0.6662    0.0391    0.0104   -0.8130   -0.3487   -0.3327    0.3496   -0.3522    0.6085   27.3751    0.2495
   -0.4504   -0.0889        0.   -0.3583   -0.1399    0.0527    0.1815    0.3051    0.0162    0.0213    0.3371    0.4325    0.0327   -0.5921    0.2374   -0.4264   -0.3594    0.8452    0.2495    8.5882

Eigenvalues from Armadillo:
    0.4773
    1.1207
    2.0732
    3.3343
    4.8850
    6.6952
    8.7271
   10.9369
   13.2761
   15.6930
   18.1341
   20.5449
   22.8713
   25.0611
   27.0646
   28.8362
   30.3344
   31.5229
   32.3688
   32.8881

Dot Product of One Eigenvectors (Before Jacobian Trans):1054.72
Dot Product of Two Eigenvectors (Before Jacobian Trans):20.0627
Dot Product of One Eigenvectors (After Jacobian Trans):368.014
Dot Product of Two Eigenvectors (After Jacobian Trans):0.00000
