Matrix A (After Jacobi Rotation):
    3.0890   -0.4163    0.4378   -0.5310    0.0442    0.4663    0.5551    0.6321        0.    0.2621   -0.2845    0.0623   -0.0163    0.0542   -0.5679    0.0204   -0.6622   -0.0021   -0.0178    0.0088
   -0.4163   29.1856   -0.5466        0.    0.5258   -0.0861   -0.6000   -0.5176    0.3306    0.1649    0.4940    0.0556    0.2278   -0.0186    0.0414   -0.2913    0.3076   -0.5570   -0.3528   -0.3854
    0.4378   -0.5466   14.1420    0.3818   -0.4072   -0.1776    0.1171    0.6126    0.0127   -0.2120    0.3008    0.1314   -0.0840    0.6719   -0.5268    0.2473   -0.0039    0.0759   -0.4302    0.0187
   -0.5310        0.    0.3818   20.7356    0.3295   -0.0169   -0.0002   -0.0129    0.2213    0.0148    0.1806    0.0046   -0.3449   -0.5967   -0.0367   -0.6073    0.2679   -0.3772   -0.1150   -0.1141
    0.0442    0.5258   -0.4072    0.3295    6.8776   -0.0887    0.0356   -0.1973    0.5081    0.4229   -0.1342    0.1563   -0.0221    0.0869    0.0276   -0.0196   -0.2753   -0.0075    0.0173   -0.0108
    0.4663   -0.0861   -0.1776   -0.0169   -0.0887   31.5367    0.0173        0.    0.2851   -0.1229   -0.2074    0.4037    0.2217    0.2308   -0.0072   -0.0631   -0.0447    0.1764    0.2009    0.3241
    0.5551   -0.6000    0.1171   -0.0002    0.0356    0.0173   10.5786   -0.3398    0.5527    0.5828    0.3471    0.0045   -0.2128    0.0004   -0.0086    0.2250    0.2477    0.0222   -0.4635   -0.0138
    0.6321   -0.5176    0.6126   -0.0129   -0.1973        0.   -0.3398   35.9540    0.6378    0.1479   -0.1116   -0.4325   -0.2471    0.1279   -0.0266   -0.4140    0.0077    0.4375   -0.0284    0.2563
        0.    0.3306    0.0127    0.2213    0.5081    0.2851    0.5527    0.6378   17.5368   -0.2979   -0.3361   -0.2450   -0.2416    0.3343    0.3414    0.3123   -0.5083    0.1264   -0.5135   -0.0027
    0.2621    0.1649   -0.2120    0.0148    0.4229   -0.1229    0.5828    0.1479   -0.2979   41.8081    0.2710    0.0385    0.2129    0.5042   -0.2595    0.1990    0.0440    0.0499   -0.5383    0.0364
   -0.2845    0.4940    0.3008    0.1806   -0.1342   -0.2074    0.3471   -0.1116   -0.3361    0.2710   23.8921    0.1152    0.3905    0.5479    0.6073   -0.0022   -0.2563    0.6653    0.0159    0.1168
    0.0623    0.0556    0.1314    0.0046    0.1563    0.4037    0.0045   -0.4325   -0.2450    0.0385    0.1152   45.2236   -0.3837   -0.2793    0.0093   -0.5203   -0.0224    0.5903    0.5151   -0.2431
   -0.0163    0.2278   -0.0840   -0.3449   -0.0221    0.2217   -0.2128   -0.2471   -0.2416    0.2129    0.3905   -0.3837   26.6669    0.0273   -0.0744    0.3919   -0.4899    0.4894    0.2580    0.2060
    0.0542   -0.0186    0.6719   -0.5967    0.0869    0.2308    0.0004    0.1279    0.3343    0.5042    0.5479   -0.2793    0.0273   48.8065    0.4483   -0.0538   -0.6133   -0.0069   -0.1228        0.
   -0.5679    0.0414   -0.5268   -0.0367    0.0276   -0.0072   -0.0086   -0.0266    0.3414   -0.2595    0.6073    0.0093   -0.0744    0.4483   33.6786   -0.2387   -0.4673   -0.2844    0.1192    0.3364
    0.0204   -0.2913    0.2473   -0.6073   -0.0196   -0.0631    0.2250   -0.4140    0.3123    0.1990   -0.0022   -0.5203    0.3919   -0.0538   -0.2387   58.3617   -0.2756   -0.2778        0.    0.4653
   -0.6622    0.3076   -0.0039    0.2679   -0.2753   -0.0447    0.2477    0.0077   -0.5083    0.0440   -0.2563   -0.0224   -0.4899   -0.6133   -0.4673   -0.2756   38.6837   -0.2016   -0.1227    0.0850
   -0.0021   -0.5570    0.0759   -0.3772   -0.0075    0.1764    0.0222    0.4375    0.1264    0.0499    0.6653    0.5903    0.4894   -0.0069   -0.2844   -0.2778   -0.2016   64.7246   -0.0711    0.2609
   -0.0178   -0.3528   -0.4302   -0.1150    0.0173    0.2009   -0.4635   -0.0284   -0.5135   -0.5383    0.0159    0.5151    0.2580   -0.1228    0.1192        0.   -0.1227   -0.0711   53.1711    0.0588
    0.0088   -0.3854    0.0187   -0.1141   -0.0108    0.3241   -0.0138    0.2563   -0.0027    0.0364    0.1168   -0.2431    0.2060        0.    0.3364    0.4653    0.0850    0.2609    0.0588   73.4530

Eigenvalues from Armadillo:
    2.9612
    6.8028
   10.5104
   14.0756
   17.4878
   20.7338
   23.7956
   26.6471
   29.2470
   31.5478
   33.6776
   36.0222
   38.7362
   41.7922
   45.1798
   48.9522
   53.2647
   58.3929
   64.7889
   73.4897

Dot Product of One Eigenvectors (Before Jacobian Trans):10.7363
Dot Product of Two Eigenvectors (Before Jacobian Trans):0.0698985
Dot Product of One Eigenvectors (After Jacobian Trans):270.571
Dot Product of Two Eigenvectors (After Jacobian Trans):0.00000
