Matrix A (After Jacobi Rotation):
   1.6315e+01   2.8756e-07  -1.0404e-05  -6.6605e-04           0.   2.2817e-07  -2.9139e-08  -8.3091e-09  -1.4841e-03   1.0692e-04  -1.3002e-05  -8.0872e-07   9.3056e-08  -3.1207e-09   1.4538e-09  -5.5360e-11  -1.0499e-12   8.6849e-14  -7.0460e-15   1.3756e-16
   2.8756e-07   3.1429e+01  -3.9996e-04  -6.6050e-04  -7.3671e-08  -6.6708e-05  -7.6306e-05   3.6499e-08  -1.3241e-03  -3.7201e-06  -5.2416e-05   1.2024e-06   9.3748e-08  -3.0893e-08   1.9504e-09  -7.4496e-11   8.4450e-12  -6.0680e-13  -1.5860e-14   6.7362e-16
  -1.0404e-05  -3.9996e-04   4.6193e+01   2.3786e-03   2.7048e-09   6.0724e-09   8.1178e-05  -6.1748e-07           0.   4.2854e-04  -1.6344e-04   9.3739e-06  -9.5290e-07  -5.4981e-08   6.8161e-09  -6.2951e-11   4.0354e-11  -1.1530e-12  -8.8679e-14   1.9000e-15
  -6.6605e-04  -6.6050e-04   2.3786e-03   6.6762e+01   4.9970e-06   2.4150e-07   5.6493e-04   1.5899e-06   3.9607e-08   1.0276e-03  -3.6552e-04   2.3693e-05  -2.2187e-06  -1.1521e-07   1.2915e-08   1.2237e-11   1.0106e-10  -2.9541e-12  -2.0508e-13   6.0443e-15
           0.  -7.3671e-08   2.7048e-09   4.9970e-06   9.3909e+01  -2.0361e-04   7.8185e-04   2.0760e-04   8.0968e-07   4.2705e-09  -2.3868e-04  -3.7180e-05  -2.3690e-05   4.2981e-07  -4.6745e-09  -8.0803e-09   3.5621e-10  -1.5701e-11   1.7653e-12  -9.2456e-14
   2.2817e-07  -6.6708e-05   6.0724e-09   2.4150e-07  -2.0361e-04   1.2736e+02           0.  -9.2844e-09   1.0797e-04   4.9554e-08  -2.7733e-12   2.6361e-04  -8.7134e-05   5.0425e-06  -3.8310e-07  -1.9289e-08   1.6087e-09   1.7714e-11   1.1820e-11  -2.2989e-13
  -2.9139e-08  -7.6306e-05   8.1178e-05   5.6493e-04   7.8185e-04           0.   1.6702e+02  -1.3157e-04   5.3229e-04  -2.6825e-07  -4.1619e-08  -1.7566e-08  -1.0289e-04  -8.9739e-06  -5.6773e-06   1.5376e-07  -2.8082e-10  -1.2780e-09   5.0373e-11  -2.0263e-12
  -8.3091e-09   3.6499e-08  -6.1748e-07   1.5899e-06   2.0760e-04  -9.2844e-09  -1.3157e-04   2.1286e+02  -6.2126e-04  -1.9148e-03   3.1033e-05  -2.2852e-08   1.8295e-03   9.4500e-05  -2.7677e-05   1.4082e-06  -9.0982e-08  -1.7587e-09   2.2901e-10  -4.2354e-12
  -1.4841e-03  -1.3241e-03           0.   3.9607e-08   8.0968e-07   1.0797e-04   5.3229e-04  -6.2126e-04   2.6484e+02  -2.5113e-05   2.2298e-04  -6.5712e-09  -1.5815e-10   1.4352e-03  -4.6261e-05  -2.8674e-06  -1.7354e-06   4.0218e-08   1.3146e-09  -2.1723e-10
   1.0692e-04  -3.7201e-06   4.2854e-04   1.0276e-03   4.2705e-09   4.9554e-08  -2.6825e-07  -1.9148e-03  -2.5113e-05   3.2297e+02  -1.8298e-04  -6.6789e-04   1.1259e-05  -3.0476e-12   9.5297e-04   4.0483e-05  -1.0536e-05   4.7811e-07  -2.7134e-08  -6.4919e-10
  -1.3002e-05  -5.2416e-05  -1.6344e-04  -3.6552e-04  -2.3868e-04  -2.7733e-12  -4.1619e-08   3.1033e-05   2.2298e-04  -1.8298e-04   3.8724e+02  -8.7315e-06   1.0283e-04  -3.1734e-09  -1.4823e-11   7.6146e-04  -2.2702e-05  -1.1051e-06  -6.3055e-07   9.6650e-09
  -8.0872e-07   1.2024e-06   9.3739e-06   2.3693e-05  -3.7180e-05   2.6361e-04  -1.7566e-08  -2.2852e-08  -6.5712e-09  -6.6789e-04  -8.7315e-06   4.5764e+02  -6.5896e-05  -2.7801e-04   4.6797e-06   1.6092e-12   5.4071e-04   1.9643e-05  -4.5828e-06   1.8658e-07
   9.3056e-08   9.3748e-08  -9.5290e-07  -2.2187e-06  -2.3690e-05  -8.7134e-05  -1.0289e-04   1.8295e-03  -1.5815e-10   1.1259e-05   1.0283e-04  -6.5896e-05   5.3417e+02  -3.6820e-06   5.1980e-05  -7.8929e-10           0.   4.4025e-04  -1.2064e-05  -4.9064e-07
  -3.1207e-09  -3.0893e-08  -5.4981e-08  -1.1521e-07   4.2981e-07   5.0425e-06  -8.9739e-06   9.4500e-05   1.4352e-03  -3.0476e-12  -3.1734e-09  -2.7801e-04  -3.6820e-06   6.1684e+02  -2.7460e-05  -1.3150e-04   2.1733e-06           0.   3.2816e-04   1.0629e-05
   1.4538e-09   1.9504e-09   6.8161e-09   1.2915e-08  -4.6745e-09  -3.8310e-07  -5.6773e-06  -2.7677e-05  -4.6261e-05   9.5297e-04  -1.4823e-11   4.6797e-06   5.1980e-05  -2.7460e-05   7.0563e+02  -1.7459e-06   2.8371e-05   1.0034e-09           0.   2.7083e-04
  -5.5360e-11  -7.4496e-11  -6.2951e-11   1.2237e-11  -8.0803e-09  -1.9289e-08   1.5376e-07   1.4082e-06  -2.8674e-06   4.0483e-05   7.6146e-04   1.6092e-12  -7.8929e-10  -1.3150e-04  -1.7459e-06   8.0055e+02  -1.2774e-05  -6.8492e-05   5.7817e-07   1.7507e-03
  -1.0499e-12   8.4450e-12   4.0354e-11   1.0106e-10   3.5621e-10   1.6087e-09  -2.8082e-10  -9.0982e-08  -1.7354e-06  -1.0536e-05  -2.2702e-05   5.4071e-04           0.   2.1733e-06   2.8371e-05  -1.2774e-05   9.0159e+02  -1.2328e-09   4.7759e-06  -1.5739e-09
   8.6849e-14  -6.0680e-13  -1.1530e-12  -2.9541e-12  -1.5701e-11   1.7714e-11  -1.2780e-09  -1.7587e-09   4.0218e-08   4.7811e-07  -1.1051e-06   1.9643e-05   4.4025e-04           0.   1.0034e-09  -6.8492e-05  -1.2328e-09   1.0088e+03   7.8756e-05  -3.6140e-05
  -7.0460e-15  -1.5860e-14  -8.8679e-14  -2.0508e-13   1.7653e-12   1.1820e-11   5.0373e-11   2.2901e-10   1.3146e-09  -2.7134e-08  -6.3055e-07  -4.5828e-06  -1.2064e-05   3.2816e-04           0.   5.7817e-07   4.7759e-06   7.8756e-05   1.1221e+03  -3.8923e-09
   1.3756e-16   6.7362e-16   1.9000e-15   6.0443e-15  -9.2456e-14  -2.2989e-13  -2.0263e-12  -4.2354e-12  -2.1723e-10  -6.4919e-10   9.6650e-09   1.8658e-07  -4.9064e-07   1.0629e-05   2.7083e-04   1.7507e-03  -1.5739e-09  -3.6140e-05  -3.8923e-09   1.2420e+03

Eigenvalues from Armadillo:
   1.6315e+01
   3.1429e+01
   4.6193e+01
   6.6762e+01
   9.3909e+01
   1.2736e+02
   1.6702e+02
   2.1286e+02
   2.6484e+02
   3.2297e+02
   3.8724e+02
   4.5764e+02
   5.3417e+02
   6.1684e+02
   7.0563e+02
   8.0055e+02
   9.0159e+02
   1.0088e+03
   1.1221e+03
   1.2420e+03

Dot Product of One Eigenvectors (Before Jacobian Trans):266.194
Dot Product of Two Eigenvectors (Before Jacobian Trans):1.37295E-05
Dot Product of One Eigenvectors (After Jacobian Trans):494.892
Dot Product of Two Eigenvectors (After Jacobian Trans):0.00000
